// Generated with Anaxi Tile Downloader
lat_north = 37.93417915098505
lat_south = 37.93092966319878
lon_east  = 23.629188537597656
lon_west  = 23.620948791503906
datum_lat = 37.9325
datum_lon = 23.6251

