// Generated with Anaxi Tile Downloader
lat_north = 37.93417915098505
lat_south = 37.93092966319878
lon_east  = 23.629188537597656
lon_west  = 23.62335205078125
datum_lat = 37.932322
datum_lon = 23.627039

